[Settings]
ANGLE_X=90.000000
ANGLE_Y=0.000000
ANGLE_Z=0.000000
SHIFT_X=600.000000
SHIFT_Y=900.000000
HEIGHT=1000.000000
ZOOM=0.120000
COUNT_LEFT_X=-500.000000
COUNT_TOP_Y=-2000.000000
COUNT_RIGHT_X=500.000000
COUNT_BOTTOM_Y=-1000.000000
ENABLE_AREA=0
ENABLE_LEFT_X=-700.000000
ENABLE_TOP_Y=-2200.000000
ENABLE_RIGHT_X=700.000000
ENABLE_BOTTOM_Y=-800.000000
